tacas: 10.6284684917639*x1**2 - 3.0489850297013*x1*x2 + 0.689923782588558*x1 - 0.810793751251949*x2**2 - 24.0324908246763*x2 - 1.28563709779904
necklace: 0.0355272893026295*x1**2 + 0.15410382722382*x1*x2 + 0.280951690763892*x1 - 0.0147784361772287*x2**2 - 1.20895228464597*x2
sharpe6:0.0187348686158657*x1**2 + 0.0218664202839136*x2**2 - 0.047997772693634*x2
sharpe7:0.184448927640915*x1**2 + 0.454789936542511*x2**2 + 1.20459091663361*x2
sin:0.0723872343441129*x1**4 - 1.36627243977838*x1**3 + 8.06654660998074*x1**2 - 15.3045797717216*x1 + 5.70699380418841
face:0.0311997210823053*x1**4 - 0.00995801092989687*x1**3*x2 + 0.0138650787931531*x1**3 - 0.107258677852779*x1**2*x2**2 + 0.0611492968580148*x1**2*x2 - 1.13701623125068*x1**2 - 0.0409705372899609*x1*x2**3 - 0.13032881897823*x1*x2**2 + 0.203712990740157*x1*x2 - 0.0938807371666753*x1 + 1.44070883787923*x2**4 - 0.328247836534656*x2**3 + 5.26422029504805*x2**2 - 0.0635751374207429*x2 + 2.34465955901303
ist22_1:-0.0678144668360283*x1**4 + 21.8797854847881*x1**3*x2 - 18.6463478538989*x1**3 - 43.6418378671147*x1**2*x2**2 + 30.8655118473139*x1**2*x2 - 1.66904073017584*x1**2 + 32.5015189761244*x1*x2**3 - 22.7164059496708*x1*x2**2 - 6.01714871877525*x1*x2 + 15.13141777476*x1 - 0.570348619707712*x2**4 - 26.5897164127357*x2**3 + 47.480244877161*x2**2 - 24.3471892025439*x2 - 6.01619902995935
ist22_2:3.23912735687766*x1**2 - 10.2060012531821*x1*x2 + 16.9767161777475*x1 + 0.0706494986210002*x2**2 - 10.452001079005*x2 + 16.4560140606506
formast:-1.00351955604981*x1**4 + 0.852131578772854*x1**3*x2 + 14.0824781987576*x1**3 - 1.63406162504168*x1**2*x2**2 - 12.6644692827978*x1**2*x2 - 48.6249370749074*x1**2 + 0.758846638206991*x1*x2**3 + 14.0570784680139*x1*x2**2 + 22.6982056400938*x1*x2 + 57.9823407259286*x1 - 0.0472259058792438*x2**4 - 5.48118392207501*x2**3 - 6.67379226534615*x2**2 - 24.9521456761878*x2 - 2.0810785007266
